3
3
RED
YELLOW
BLACK
3
GREEN
BLUE
RED
3
BLUE
RED
YELLOW
17
CP 85 90
Switcher 265 120 1 80 10 150
Megallo 435 110 GREEN false
CP 590 110
CP 750 50
Megallo 800 200 RED false
Switcher 800 335 1 80 10 160
CP 595 462
Alagut 410 470 1 80 10 250
CP 225 480
Megallo 190 380 BLUE false
CP 45 320
Alagut 775 400 1 80 10 254
Megallo 535 285 1 YELLOW false
Switcher 385 257 1 80 10 165
Switcher 226 449 1 80 10 170
Megallo 300 340 1 BLACK false
19
0 1 240 110
1 2 
2 3 530 200
3 4 670 30
4 5 830 115
5 6 770 290
6 12 800 335
12 7 660 350
7 8 500 515
8 9 390 430
9 15 170 470
15 10 170 470
10 11 110 420
11 0 0 100
1 14
14 13 400 220
13 6 680 270
16 14 300 270
15 16

1 0
3 1
10 2
