3
2
RED
YELLOW
2
GREEN
BLUE
2
BLUE
RED
14
CP 95 50
Switcher 265 120 1 80 10 150
Megallo 435 110 GREEN false
CP 590 110
CP 750 50
Megallo 800 200 RED false
Switcher 800 335 1 80 10 160
CP 595 442
Alagut 410 450 1 80 10 250
CP 225 450
Megallo 190 380 BLUE false
CP 45 320
Alagut 65 200 1 80 10 254
Megallo 535 285 YELLOW false
15
0 1 240 50
1 2 
2 3 530 200
3 4 670 30
4 5 830 115
5 6 770 290
6 7 760 500
7 8 500 400
8 9 390 540
9 10 170 470
10 11 145 360
11 12 25 300
12 0 15 140
1 13 360 280
13 6 680 270

1 0
3 1
10 2
